Index Chromosome Positions
       6548            1   3903184
       6550            1   3904658
       6554            1   3906923
       69087           2  11385308
       73336           2  14757290
       73338           2  14757811
       73346           2  14760887
       95489           3   8422878
       124271          4    194455
       124272          4    195618
       124278          4    196786
       124290          4    201733
       124317          4    214344
       124410          4    250918
       124446          4    264496
       124470          4    270862
       124475          4    273948
       124506          4    292979
       124525          4    307756
       124590          4    338402
       124615          4    359225
       124619          4    359863
       124649          4    373738
       124672          4    382278
       124685          4    384798
       124692          4    386519
       124693          4    386865
       124695          4    388080
       124707          4    398078
       125200          4    573867
       125422          4    674836
       152059          4  13011028
       164741          5   2132110
       165823          5   2838468
       177377          5   8529092
       198378          5  18591091
       198389          5  18596168
       198405          5  18601659
       198412          5  18603404
       198419          5  18605270
       198439          5  18610189
       203959          5  21330311
       204025          5  21356916
       204026          5  21357083
       204042          5  21366359
